双倍经验勋章=18|1|0|0|0|0|0|0|0|0|0|0|0|0|0|0|0|0|0|0|0|0|0|0|0|0|0|0|0|0|你已经购买了2个小时2.0倍经验时间!!!
三倍经验勋章=19|1|0|0|0|0|0|0|0|0|0|0|0|0|0|0|0|0|0|0|0|0|0|0|0|0|0|0|0|0|你已经购买了2个小时3.0倍经验时间!!!
逆天圣战=30|8|1000|1000|0|0|0|0|0|0|0|0|0|0|0|0|0|1|0|0|0|0|0|0|0|0|0|0|0|0|恭喜你戴齐了屠圣战套，附加属性生效！
荣耀天尊=31|8|800|800|0|0|0|0|0|0|0|0|0|0|0|0|0|0|0|1|0|0|0|0|0|0|0|0|0|0|恭喜你戴齐了荣耀天尊套，附加属性生效！
断魂法神=32|8|500|500|0|0|0|0|0|0|0|0|0|0|0|0|0|0|1|0|0|0|0|0|0|0|0|0|0|0|恭喜你戴齐了弑魔法神套，附加属性生效！
挑战神器战利品=33|3|0|0|0|0|0|0|0|0|0|0|0|0|0|0|0|0|0|0|0|0|0|0|0|0|0|0|0|0|
屠魔生命=36|2|1000|1000|0|0|0|0|0|0|0|0|0|0|0|0|0|0|0|0|0|0|0|0|0|0|0|0|0|0|恭喜你戴齐了屠魔生命套，附加属性生效！
仙龙爪=37|1|1000|1000|10|10|100|100|100|100|66|66|66|66|66|66|0|0|0|0|0|0|0|0|0|0|0|0|0|0|恭喜你戴了仙龙爪，附加属性生效
盘古套装[战]=38|8|6000|6000|0|0|650|650|650|650|0|0|0|0|0|0|0|4|0|0|0|0|0|0|0|0|0|0|0|0|恭喜你戴齐了盘古套装[战]，附加属性生效1.4倍攻击！防御加650.
盘古套装[道]=40|8|5500|5500|0|0|650|650|650|650|0|0|0|0|0|0|0|0|0|4|0|0|0|0|0|0|0|0|0|0|恭喜你戴齐了盘古套装[道]，附加属性生效1.4倍攻击！防御加650.
盘古套装[法]=39|8|4500|4500|0|0|650|650|650|650|0|0|0|0|0|0|0|0|4|0|0|0|0|0|0|0|0|0|0|0|恭喜你戴齐了盘古套装[法]，附加属性生效1.4倍攻击！防御加650.
终极面巾=20|1|2000|2000|0|0|99|99|99|99|100|100|100|100|100|100|0|0|0|0|0|0|0|0|0|0|0|0|0|0|恭喜你戴了终极面巾，附加属性生效
鲜花勋章=50|1|100|100|0|0|0|0|0|0|0|0|0|0|0|0|0|0|0|0|0|0|0|0|0|0|0|0|0|0|恭喜佩带鲜花勋章，附加属性HPMP+100！
鲜花勋章=51|1|200|200|0|0|0|0|0|0|0|0|0|0|0|0|0|0|0|0|0|0|0|0|0|0|0|0|0|0|恭喜佩带鲜花勋章，附加属性HPMP+200！
鲜花勋章=52|1|300|300|0|0|0|0|0|0|0|0|0|0|0|0|0|0|0|0|0|0|0|0|0|0|0|0|0|0|恭喜佩带鲜花勋章，附加属性HPMP+300！
鲜花勋章=53|1|400|400|0|0|0|0|0|0|0|0|0|0|0|0|0|0|0|0|0|0|0|0|0|0|0|0|0|0|恭喜佩带鲜花勋章，附加属性HPMP+400！
鲜花勋章=54|1|600|600|0|0|0|0|0|0|0|0|0|0|0|0|0|0|0|0|0|0|0|0|0|0|0|0|0|0|恭喜佩带鲜花勋章，附加属性HPMP+600！
鲜花勋章=55|1|800|800|0|0|0|0|0|0|0|0|0|0|0|0|0|0|0|0|0|0|0|0|0|0|0|0|0|0|恭喜佩带鲜花勋章，附加属性HPMP+800！
鲜花勋章=56|1|1000|1000|0|0|0|0|0|0|0|0|0|0|0|0|0|0|0|0|0|0|0|0|0|0|0|0|0|0|恭喜佩带鲜花勋章，附加属性HPMP+1000！
鲜花勋章=57|1|1500|1500|0|0|0|0|0|0|0|0|0|0|0|0|0|0|0|0|0|0|0|0|0|0|0|0|0|0|恭喜佩带鲜花勋章，附加属性HPMP+1500！
鲜花勋章=58|1|2000|2000|0|0|0|0|0|0|0|0|0|0|0|0|0|0|0|0|0|0|0|0|0|0|0|0|0|0|恭喜佩带鲜花勋章，附加属性HPMP+2000！
1=60|1|1000|1000|15|0|0|0|0|0|0|0|0|0|0|0|0|0|0|0|0|0|0|0|0|0|0|0|0|0|准确加15  血加1千
