和尚/逆天神力	3	325	340	逆天神力[贡献]	0	12	1	0	0	3  2000 0
和尚/五行神力	3	320	342	五行神力[独家]	0	12	1	0	0	3  2000 0
和尚/群雄王[PK]	3	314	339	群雄王[PK]	0	1	1	0	0
和尚/争分夺秒	3	314	336	争分夺秒	0	12 0 0 0 0 0 2	3  2000 0
和尚/贡献值	3	323	324	贡献值[活动]	0	12 0 0 0 0 0 2	3  2000 0
和尚/荣誉点	jiqing	27	23	行会积分	0	12 0 0 0 0 0 2	3  2000 0




盘古伪使者	pgttd	23	18     至尊伪使者  0       15      0       0       0       3  0 0
至尊宝地	pgttd	29	16     至尊地图使者  0       15      0       0       0       3  0 0	
盘古兑换	pgttd	29	23     至尊兑换使者  0       15      0       0       0       3  0 0
充值奖励          3     347   338     充值奖励[玩家]      0      12 0 0 0 0 0 2	3  2000 0
劫皇榜[独家]          3     332      343     劫皇榜[独家]         0       12 0 0 0 0 0 2	3  2000 0
逆天之怒	  3	323      343	 逆天之怒[魔血]	        0	17 0 0 0 0 0 2	3  2000 0
防骗公告          3     330      318     防骗[喇叭骗子]         0       12 0 0 0 0 0 2	3  2000 0
魔戒指环王	3	317	336	魔戒指环王	0	15 0 0 0 0 0 2	3  2000 0
诅咒之神	3       327     318     诅咒别人[报仇]  0       8 0 0 0 0 0 2	3  2000 0
双烈火指导员	3       324     318     双烈火指导员  0       15 0 0 0 0 0 2	3  2000 0
PK场使者        PKjydt  24      26      PK场使者        0       12 0 0 0 0 0 2	3  2000 0
新加活动/挑战心魔	3	317	330	挑战心魔[绝版]	0	81 0 0 0 0 0 2	3  2000 0
新加活动/心魔奖励	xm1	14	6	领取奖励	0	9	1	0	0	3  2000 0
新加活动/心魔奖励	xm2	14	6	领取奖励	0	9	1	0	0	3  2000 0
新加活动/心魔奖励	xm3	14	6	领取奖励	0	9	1	0	0	3  2000 0
新加活动/心魔奖励	xm4	14	6	领取奖励	0	9	1	0	0	3  2000 0
新加活动/心魔奖励	xm5	14	6	领取奖励	0	9	1	0	0	3  2000 0
新加活动/心魔奖励	xm6	14	6	领取奖励	0	9	1	0	0	3  2000 0
新加活动/心魔奖励	xm7	14	6	领取奖励	0	9	1	0	0	3  2000 0
新加活动/心魔奖励	xm8	14	6	领取奖励	0	9	1	0	0	3  2000 0
新加活动/心魔奖励	xm9	14	6	领取奖励	0	9	1	0	0	3  2000 0
新加活动/心魔奖励	xm10	14	6	领取奖励	0	9	1	0	0	3  2000 0
行会安全砍猪	3	317	342	←行会安全砍猪	0	10 0 0 0 0 0 2	3  2000 0
怪物墙	3	317	341	　	0	999	0	0	0       0
怪物墙	3	317	343	　	0	999	0	0	0       0
怪物墙	3	317	344	　	0	999	0	0	0       0
怪物墙	3	317	345	　	0	999	0	0	0       0
怪物墙	3	317	346	　	0	999	0	0	0       0
怪物墙	3	317	347	　	0	999	0	0	0       0
怪物墙	3	316	347	　	0	999	0	0	0       0
怪物墙	3	315	347	　	0	999	0	0	0       0
怪物墙	3	314	347	　	0	999	0	0	0       0
怪物墙	3	313	347	　	0	999	0	0	0       0
怪物墙	3	312	347	　	0	999	0	0	0       0
怪物墙	3	311	347	　	0	999	0	0	0       0
怪物墙	3	311	346	　	0	999	0	0	0       0
怪物墙	3	311	345	　	0	999	0	0	0       0
怪物墙	3	311	344	　	0	999	0	0	0       0
怪物墙	3	311	343	　	0	999	0	0	0       0
怪物墙	3	311	342	　	0	999	0	0	0       0
怪物墙	3	311	341	　	0	999	0	0	0       0
怪物墙	3	312	341	　	0	999	0	0	0       0
怪物墙	3	313	341	　	0	999	0	0	0       0
怪物墙	3	314	341	　	0	999	0	0	0       0
怪物墙	3	315	341	　	0	999	0	0	0       0
怪物墙	3	316	341	　	0	999	0	0	0       0
比奇城/卫家店	0103	19	18	卫家店	0	1	1	0	0
比奇城/安家布衣	0106	19	6	安家布衣	0	7	1	0	0
比奇城/赖家	0108	7	7	赖家店老板	0	1	1	0	0
比奇城/陈家铺子	0104	5	8	陈家铺子老板	0	2	1	0	0
比奇城/麦家铺子	0125	8	6	麦家铺子	0	9	1	0	0
比奇城/戒指店	0105	18	6	戒指店老板	0	4	1	0	0
比奇城/手镯店	0105	12	12	手镯店老板	0	5	1	0	0
比奇城/项链店	0105	6	18	项链店老板	0	6	1	0	0
银杏新人村/许家店	0119	10	11	许家店	0	1	1	0	0
银杏新人村/药房	0119	14	14	药房小老板	0	9	1	0	0
比奇村/仓库	0140	8	9	仓库保管员	0	9	1	0	0
比奇村/戒指店	0141	23	23	戒指店老板	0	4	1	0	0
比奇村/手镯店	0141	16	16	手镯店老板	0	5	1	0	0
比奇村/项链店	0141	10	10	项链店老板	0	6	1	0	0
特殊/商人	1	314	72	铁匠	0	0	1	0	0
特殊/商人	1	309	81	商人	0	4	1	0	0
特殊/老人	1	235	305	老人	0	9	1	0	0
特殊/老人1	1	96	290	老人	0	3	1	0	0
特殊/禁地守卫	H105	164	23	禁地守卫	0	20	1	0	0
毒蛇山谷/朴铁匠	0120	7	8	朴铁匠	0	0	1	0	0
毒蛇山谷/铁匠	2	518	492	铁匠	0	0	1	0	0
毒蛇山谷/薄家药	0117	4	10	薄家药铺老板	0	1	1	0	0
毒蛇山谷/药铺	2	505	497	药铺老板	0	1	1	0	0
毒蛇山谷/罗家铺子	2	505	479	罗家铺子老板	0	3	1	0	0
毒蛇山谷/米家服装	2	517	477	米家服装老板	0	7	1	0	0
毒蛇山谷/仓库	2	517	466	仓库保管员	0	12	1	0	0
盟重土城/仓库	0145	9	12	仓库保管员	0	12	1	0	0
盟重土城/悦来客栈	3	305	373	悦来客栈老板	0	12	1	0	0
盟重土城/张家布衣	0149	23	20	张家布衣老板	0	7	1	0	0
盟重土城/手套店	0149	11	18	手套店老板	0	4	1	0	0
盟重土城/老张头盔店	0149	8	5	老张头盔店	0	5	1	0	0
盟重土城/铁匠铺	0159	5	9	铁匠铺老板	0	0	1	0	0
盟重土城/罗家铺子	0160	5	8	罗家铺子老板	0	1	1	0	0
盟重土城/戒指店	0158	11	16	戒指店老板	0	5	1	0	0
盟重土城/手镯店	0158	16	11	手镯店老板	0	6	1	0	0
盟重土城/项链店	0158	4	21	项链店老板	0	4	1	0	0
盟重土城/流浪汉	3	346	334	流浪汉	0	3	1	0	0
盟重土城/药店	3	361	335	药店老板	0	1	1	0	0
盟重土城/书店	0161	11	16	书店老板	0	2	1	0	0
盟重土城/林小姐	0148	10	9	林小姐	0	13	1	0	0
盟重土城/彩票员	3	284	343	彩票员	0	3	1	0	0
沙巴克/屠夫	3	659	301	屠夫	0	1	0	0	0
沙巴克/铁匠铺	0151	3	19	铁匠铺老板	0	0	0	0	0
沙巴克/武器铺	0151	7	14	武器铺老板	0	0	0	0	0
沙巴克/布衣店	0155	13	7	布衣店老板	0	7	0	0	0
沙巴克/头盔店	0155	9	11	头盔店老板	0	5	0	0	0
沙巴克/炼药	0153	7	14	炼药老板	0	9	0	0	0
沙巴克/药店	0153	14	7	药店	0	1	0	0	0
沙巴克/仓库	0152	7	12	仓库管理员	0	12	0	0	0
沙巴克/小贩	3	663	304	小贩	0	3	0	0	0
沙巴克/手镯店	0154	14	7	手镯店老板	0	6	0	0	0
沙巴克/项链店	0154	3	18	项链店老板	0	6	0	0	0
沙巴克/戒指店	0154	10	15	戒指店老板	0	5	0	0	0
沙巴克/炼武器	0151	12	10	炼武器老板	0	0	0	0	0
沙巴克/张三丰	H201	105	177	张三丰	0	9	1	0	0
综合NPC/服装小贩	D608	30	22	服装小贩	0	3	1	0	0
综合NPC/药品小贩	D5063	62	36	药品小贩	0	1	1	0	0
综合NPC/武器店	D71650	23	27	武器店老板	0	0	1	0	0
综合NPC/服装店	D71651	23	27	服装店老板	0	7	1	0	0
综合NPC/药品店	D71653	23	27	药品店老板	0	3	1	0	0
综合NPC/首饰店	D71652	23	27	首饰店老板	0	5	1	0	0
综合NPC/商人1	0126	10	10	商人	0	9	1	0	0
综合NPC/商人2	0152	4	15	商人	0	9	0	0	0
综合NPC/商人3	0146	4	11	商人	0	9	1	0	0
综合NPC/升级师	H008	28	21	升级师	0	15	1	0	0
综合NPC/神秘老人	2	515	464	神秘老人	0	9	1	0	0
综合NPC/踏云尊者	0113	8	8	踏云尊者	0	14	1	0	0
综合NPC/论武尊	r001	100	93	论武尊	0	15	1	0	0
白日门/武器店	1001	14	12	武器店老板	0	15	1	0	0
白日门/杂货店	1007	11	14	杂货店老板	0	17	1	0	0
白日门/首饰店	1005	9	11	首饰店老板	0	20	1	0	0
白日门/服装店	1003	13	16	服装店老板	0	23	1	0	0
白日门/药店	1006	9	10	药店老板	0	22	1	0	0
白日门/药剂师	1006	12	7	药剂师	0	25	1	0	0
白日门/书店	1004	9	11	书店老板	0	18	1	0	0
白日门/仓库	11	184	296	仓库保管员	0	18	1	0	0
白日门/天尊	1002	14	13	天尊	0	14	1	0	0
封魔谷/沃玛教主	b341	17	22	沃玛教主	0	27	1	0	0
封魔谷/恶魔杂货匠	4	255	224	恶魔杂货匠	0	3	1	0	0
封魔谷/恶魔屠夫	4	243	187	恶魔屠夫	0	11	1	0	0
封魔谷/恶魔铁匠	4	227	223	恶魔铁匠	0	30	1	0	0
封魔谷/恶魔首饰店	b344	13	10	恶魔首饰店老板	0	23	1	0	0
封魔谷/恶魔保管员	b347	9	10	恶魔保管员	0	39	1	0	0
封魔谷/恶魔布店老板	b345	12	10	恶魔布店老板	0	32	1	0	0
封魔谷/恶魔学者	b343	5	18	恶魔学者	0	30	1	0	0
封魔谷/恶魔炼药师	b343	15	9	恶魔炼药师	0	35	1	0	0
封魔谷/恶魔药剂师	b343	9	13	恶魔药剂师	0	28	1	0	0
封魔谷/恶魔铁匠铺	b342	14	7	恶魔铁匠铺老板	0	30	1	0	0
封魔谷/恶魔修理师	d2008	31	24	恶魔修理师	0	34	1	0	0
封魔谷/红娘	M101	29	32	红娘	0	12	1	0	0
苍月岛/杂货店	5	143	354	杂货店老板	0	3	1	0	0
苍月岛/书店	5	138	311	书店老板	0	2	1	0	0
苍月岛/武器店	5	129	306	武器店老板	0	0	1	0	0
苍月岛/首饰店	5	155	339	首饰店老板	0	4	1	0	0
苍月岛/布料店	5	145	329	布料店老板	0	7	1	0	0
苍月岛/仓库保管员	5	126	332	仓库保管员	0	12	1	0	0
苍月岛/药店	5	161	314	药店老板	0	9	1	0	0
幻境-影之道/幻境_幻境小贩	H003	89	79	幻境小贩	0	3	1	0	0
幻境-影之道/幻境_仓库管理员	H003	80	87	仓库管理员	0	9	1	0	0
幻境-影之道/幻境_幻境小贩	H007	170	170	幻境商贩	0	3	1	0	0
幻境-影之道/幻境_幻境小贩1	H203	85	41	商贩	0	3	1	0	0
幻境-影之道/幻境_仓库管理员	H007	160	180	仓房管理员	0	9	1	0	0
幻境-影之道/幻境_幻境向导	H003	83	83	幻境向导	0	15	1	0	0
幻境-影之道/幻境_沙巴克密使	H007	55	75	沙巴克密使	0	12	1	0	0
幻境-影之道/幻境_幻境向导	H010	370	376	幻境引导	0	15	1	0	0
传送员/盟重省传送员	3	339	333	传送员	0	8	1	0	0
传送员/苍月岛传送员	5	141	335	传送小姐	0	12	1	0	0
传送员/封魔谷传送员	4	241	201	传送小姐	0	12	1	0	0
传送员/白日门传送员	11	181	322	传送小姐	0	12	1	0	0
传送员/毒蛇谷传送员	2	503	483	传送小姐	0	12	1	0	0
星空网络/聚仙阁	3	328	321	人间地狱	0	22 0 0 0 0 0 2	3  2000 0
星空网络/官位系统       3       340	330     爵位捐款 0 74 0 0 0 0 0 2	3  2000 0
星空网络/装备回收员	3	316	333	装备回收	0	89 0 0 0 0 0 2	3  2000 0
星空网络/下线保管员	3	328	340	仓库保管	0	63 0 0 0 0 0 2	3  2000 0
星空网络/桃源庄园 	3	334	321	桃源庄园[初级]	0	87 0 0 0 0 0 2	3  2000 0
;星空网络/装备回收使者	3	346	341	RMB回收	0	102 0 0 0 0 0 2	3  2000 0
星空网络/药店	H203	22	17	药店	0	0	1	0	0
星空网络/仓库	H203	17	21	仓库	0	0	1	0	0
星空网络/神医	3	344	323	瞬间满血	0	14 0 0 0 0 0 2	3  2000 0
星空网络/神泣废墟	3	340	322	神泣古都[初级]	0	14 0 0 0 0 0 2	3  2000 0
星空网络/四级技能兑换	3	320	328	四级技能兑换	0	79 0 0 0 0 0 2	3  2000 0
星空网络/紫霞山庄	3	320	322	紫霞山庄[终级]  0       23 0 0 0 0 0 2	3  2000 0
星空网络/逢莱东路[高级]	3	331	321	神龙之路[技能]	0	24 0 0 0 0 0 2	3  2000 0
星空网络/老兵	3	325	325	老兵	0	1 0 0 0 0 0 2	3  2000 0
星空网络/攻城情报	3	350	323	攻城情报	0	45 0 0 0 0 0 2	3  2000 0
星空网络/北冥回廊	3	322	321	逆天魔宫	0	12 0 0 0 0 0 2	3  2000 0
星空网络/领奖使者	9004	17	21	领奖使者	0	13 0 0 0 0 0 2	3  2000 0
星空网络/勋章守护人	3	337	321	勋章守护人	0	12 0 0 0 0 0 2	3  2000 0
星空网络/勋章合成使者	3	320	340	勋章合成[鲜花]	0	12 0 0 0 0 0 2	3  2000 0
星空网络/行会招人	3	343	330	行会招人公告牌	0	45 0 0 0 0 0 2	3  2000 0
星空网络/金刚石使者	3	340	340	元宝商城[铺]	0	35 0 0 0 0 0 2	3  2000 0
星空网络/防酱油PK	3	345	325	决斗场[防酱油]	0	14 0 0 0 0 0 2	3  2000 0
星空网络/封印神殿[邪恶]	3	317	321	逆天神殿[灭世]  0       68 0 0 0 0 0 2	3  2000 0
星空网络/综合服务	3	334	340	综合服务生	0	20 0 0 0 0 0 2	3  2000 0
星空网络/泡点升级	3	331	340	泡点升级	0	84 0 0 0 0 0 2	3  2000 0
天仙楼宝阁	3	320	334	终极装备[锻造]	0	15 0 0 0 0 0 2	3  2000 0
龙王[解封]	B357	6	10	龙王[解封]	0	15 0 0 0 0 0 2	3  2000 0
星空网络/冲级奖励	3	341	343	冲级奖励	0	20 0 0 0 0 0 2	3  2000 0
星空网络/装备升级	3	337	340	装备升级[元素]	0	300 0 0 0 0 0 2	3  2000 0
星空网络/进入二层	hu1	21	25	进入二层	0	87	0	0	0
星空网络/回到一层	hu2	100	100	回到一层	0	87	0	0	0
星空网络/强化石密室	3	329	343	强化石使者	0	16 0 0 0 0 0 2	3  2000 0
星空网络/使者召唤师	shuacj	21	14	使者召唤师	0	8 0 0 0 0 0 2	3  2000 0
激情PK场	3	341	320	激情单挑房	0	12 0 0 0 0 0 2	3  2000 0
特殊人物/地牢使者	dilao	7	15	地牢使者	1	8	1	0	0
地下赌场/压大小	cddou	8	10	猜点数	0	12 0 0 0 0 0 2	3  2000 0
赌庄胖妞	3	322	340	胖妞坐庄	0	13 0 0 0 0 0 2	3  2000 0
大富豪娱乐城	3	317	339	大富豪娱乐城	0	12 0 0 0 0 0 2	3  2000 0
新手接待员      0       650     625     新手接待员      0       12 0 0 0 0 0 2	3  2000 0
新手接待员      0       330     265     新手接待员      0       12 0 0 0 0 0 2	3  2000 0
新手接待员      0       287     613     新手接待员      0       12 0 0 0 0 0 2	3  2000 0
激情使者 GMXZZ  14  7   激情使者 0         26    0 0 0 0 0 6
星空网络/攻沙传送大门	3	347	323	攻沙传送大门	0	86 0 0 0 0 0 2	3  2000 0
外挂举报	3	343	319	【外挂举报】	0	82 0 0 0 0 0 2	3  2000 0
外挂举报	3	358	330	【外挂举报】	0	82 0 0 0 0 0 2	3  2000 0
1号传送门	ljbx1	14	6	1号传送门	0	85	1	0	0
2号传送门	ljbx2	14	6	2号传送门	0	85	1	0	0
3号传送门	ljbx3	14	6	3号传送门	0	85	1	0	0
4号传送门	ljbx4	14	6	4号传送门	0	85	1	0	0
新手清洗红名	3	848	671	新手清洗红名	0	85	1	0	0	3  2000 0
新加活动/压镖    3    407	326 西门大官人 0 31 0 0 0 0 0 2	3  2000 0
新加活动/压镖接任务    3    326	343 镇远镖局[任务] 0 31 0 0 0 0 0 2	3  2000 0
星空网络/至尊骰王	3	340	326	赌神骰王	0	74 0 0 0 0 0 2	3  2000 0
星空网络/封印之地[噩梦]	3	317	324	封印之地[变态]	0	10 0 0 0 0 0 2	3  2000 0
星空网络/天之炼狱	3	325	321	天之炼狱[闯关]	0	73 0 0 0 0 0 2	3  2000 0
星空网络/上古神器	3	317	327	上古神器[独家]	0	102 0 0 0 0 0 2	3  2000 0
星空网络/流浪者	cl11	32	10	流浪者	0	18	0	0       0
星空网络/隐世老人	cl20	32	10	隐世老人	0	14	0	0       0
星空网络/修仙	3	320	331	等级修炼[升级]	0	7 0 0 0 0 0 2	3  2000 0
星空网络/修仙大师	xxzda	32	37	强化等级使者	0	14 0 0 0 0 0 2	3  2000 0
充值抽奖活动 3 345 338 Hot☆充值抽奖动 0 12 0 0 0 0 0 4	3  2000 0
真假神殿 3 321 318 真假神殿[活动]	0	22 0 0 0 0 0 2	3  2000 0


;幸运买马   3  316  337	幸运买马  0  31 1  0  0  3  2000  0

;马场服务员   dns001  30  22	马场服务员  0  12 1  0  0  3  2000  0





;REDPAY


;ENDPAY

;freenet
元宝充值使者 0 332 264 元宝充值使者  0 12 0
元宝充值使者 3 343 338 元宝充值使者  0 12 0
;endfreenet
